{
  "package_name": "mediaelement-plugins",
  "version": "5.0.0",
  "total_files": 20,
  "analyzed_files": 20,
  "malicious_files": 0,
  "is_malicious": false,
  "analysis_date": "2025-09-26T18:33:15.392562",
  "timing": {
    "package_total_time": 1434.5569870471954,
    "total_api_calls": 209,
    "average_file_time": 75.49398787398087,
    "average_step1_time": 29.465858321440848,
    "average_step2_time": 41.59253410289162,
    "average_step3_time": 4.390478949797781,
    "total_step1_time": 559.8513081073761,
    "total_step2_time": 790.2581479549408,
    "total_step3_time": 83.41910004615784,
    "total_files": 20,
    "analyzed_files": 20,
    "total_lines": 1754,
    "average_lines_per_file": 87.7
  }
}