{
  "package_name": "hacker-deps",
  "version": "0.1.1",
  "total_files": 2,
  "analyzed_files": 2,
  "malicious_files": 0,
  "is_malicious": false,
  "analysis_date": "2025-09-26T15:36:24.627572",
  "timing": {
    "package_total_time": 179.68941402435303,
    "total_api_calls": 22,
    "average_file_time": 89.82403910160065,
    "average_step1_time": 28.084242820739746,
    "average_step2_time": 57.644718289375305,
    "average_step3_time": 4.0844420194625854,
    "total_step1_time": 56.16848564147949,
    "total_step2_time": 115.28943657875061,
    "total_step3_time": 8.168884038925171,
    "total_files": 2,
    "analyzed_files": 2,
    "total_lines": 224,
    "average_lines_per_file": 112.0
  }
}