{
  "package_name": "opencv.js",
  "version": "1.0.1",
  "total_files": 1,
  "analyzed_files": 1,
  "malicious_files": 1,
  "is_malicious": true,
  "analysis_date": "2025-09-26T17:27:00.974455",
  "timing": {
    "package_total_time": 80.4027509689331,
    "total_api_calls": 11,
    "average_file_time": 80.33853554725647,
    "average_step1_time": 32.656938791275024,
    "average_step2_time": 40.33022737503052,
    "average_step3_time": 7.319280385971069,
    "total_step1_time": 32.656938791275024,
    "total_step2_time": 40.33022737503052,
    "total_step3_time": 7.319280385971069,
    "total_files": 1,
    "analyzed_files": 1,
    "total_lines": 19,
    "average_lines_per_file": 19.0
  }
}