package_type,package_name,version,actual_label,MLP,NB,SVM
malware,perf-ai-form-recognizer,99.10.9,malware,malicious,malicious,malicious
