{
  "package_name": "astar-portal",
  "version": "1.0.0",
  "total_files": 1,
  "analyzed_files": 1,
  "malicious_files": 1,
  "is_malicious": true,
  "analysis_date": "2025-09-26T19:05:23.015233",
  "timing": {
    "package_total_time": 137.24824786186218,
    "total_api_calls": 11,
    "average_file_time": 136.7792103290558,
    "average_step1_time": 41.8141667842865,
    "average_step2_time": 90.23256945610046,
    "average_step3_time": 4.70897912979126,
    "total_step1_time": 41.8141667842865,
    "total_step2_time": 90.23256945610046,
    "total_step3_time": 4.70897912979126,
    "total_files": 1,
    "analyzed_files": 1,
    "total_lines": 41,
    "average_lines_per_file": 41.0
  }
}