{
  "package_name": "web3ibaan",
  "version": "4.0.7",
  "total_files": 6,
  "analyzed_files": 6,
  "malicious_files": 0,
  "is_malicious": false,
  "analysis_date": "2025-09-26T16:40:46.088619",
  "timing": {
    "package_total_time": 213.34467554092407,
    "total_api_calls": 33,
    "average_file_time": 71.09544817606609,
    "average_step1_time": 25.600377162297566,
    "average_step2_time": 40.610724131266274,
    "average_step3_time": 4.865286270777385,
    "total_step1_time": 76.8011314868927,
    "total_step2_time": 121.83217239379883,
    "total_step3_time": 14.595858812332153,
    "total_files": 6,
    "analyzed_files": 6,
    "total_lines": 803,
    "average_lines_per_file": 133.83333333333334
  }
}