{
  "package_name": "tensorplow",
  "version": "1.0.2",
  "total_files": 1,
  "analyzed_files": 1,
  "malicious_files": 1,
  "is_malicious": true,
  "analysis_date": "2025-09-26T16:09:56.898932",
  "timing": {
    "package_total_time": 111.45264792442322,
    "total_api_calls": 11,
    "average_file_time": 111.41083216667175,
    "average_step1_time": 42.988391160964966,
    "average_step2_time": 61.227822065353394,
    "average_step3_time": 7.177478075027466,
    "total_step1_time": 42.988391160964966,
    "total_step2_time": 61.227822065353394,
    "total_step3_time": 7.177478075027466,
    "total_files": 1,
    "analyzed_files": 1,
    "total_lines": 3,
    "average_lines_per_file": 3.0
  }
}