{
  "package_name": "ssc-upload-react",
  "version": "5.1.9",
  "total_files": 1,
  "analyzed_files": 1,
  "malicious_files": 0,
  "is_malicious": false,
  "analysis_date": "2025-09-26T16:22:40.910033",
  "timing": {
    "package_total_time": 113.83648014068604,
    "total_api_calls": 11,
    "average_file_time": 113.80393433570862,
    "average_step1_time": 43.972084045410156,
    "average_step2_time": 64.1803674697876,
    "average_step3_time": 5.643527507781982,
    "total_step1_time": 43.972084045410156,
    "total_step2_time": 64.1803674697876,
    "total_step3_time": 5.643527507781982,
    "total_files": 1,
    "analyzed_files": 1,
    "total_lines": 75,
    "average_lines_per_file": 75.0
  }
}