{
  "package_name": "loudashe",
  "version": "5.0.0",
  "total_files": 20,
  "analyzed_files": 20,
  "malicious_files": 0,
  "is_malicious": false,
  "analysis_date": "2025-09-26T17:53:55.819501",
  "timing": {
    "package_total_time": 1403.1378734111786,
    "total_api_calls": 220,
    "average_file_time": 70.15346767902375,
    "average_step1_time": 29.387250673770904,
    "average_step2_time": 35.839693021774295,
    "average_step3_time": 4.914649629592896,
    "total_step1_time": 587.7450134754181,
    "total_step2_time": 716.7938604354858,
    "total_step3_time": 98.29299259185791,
    "total_files": 20,
    "analyzed_files": 20,
    "total_lines": 590,
    "average_lines_per_file": 29.5
  }
}