{
  "package_name": "move-analyzer",
  "version": "2.0.0",
  "total_files": 1,
  "analyzed_files": 1,
  "malicious_files": 1,
  "is_malicious": true,
  "analysis_date": "2025-09-26T15:20:03.849065",
  "timing": {
    "package_total_time": 97.57681822776794,
    "total_api_calls": 11,
    "average_file_time": 97.53969597816467,
    "average_step1_time": 28.238033533096313,
    "average_step2_time": 63.850080728530884,
    "average_step3_time": 5.434549570083618,
    "total_step1_time": 28.238033533096313,
    "total_step2_time": 63.850080728530884,
    "total_step3_time": 5.434549570083618,
    "total_files": 1,
    "analyzed_files": 1,
    "total_lines": 38,
    "average_lines_per_file": 38.0
  }
}