{
  "package_name": "@zitterorg##quis-tempora-excepturi",
  "version": "2.5.44",
  "total_files": 20,
  "analyzed_files": 20,
  "malicious_files": 0,
  "is_malicious": false,
  "analysis_date": "2025-09-26T19:00:56.066714",
  "timing": {
    "package_total_time": 1585.5697214603424,
    "total_api_calls": 220,
    "average_file_time": 79.2734746336937,
    "average_step1_time": 25.62030562162399,
    "average_step2_time": 49.87845460176468,
    "average_step3_time": 3.7513113260269164,
    "total_step1_time": 512.4061124324799,
    "total_step2_time": 997.5690920352936,
    "total_step3_time": 75.02622652053833,
    "total_files": 20,
    "analyzed_files": 20,
    "total_lines": 95,
    "average_lines_per_file": 4.75
  }
}