{
  "package_name": "react-gauge-chart-esm",
  "version": "0.4.1-8",
  "total_files": 2,
  "analyzed_files": 2,
  "malicious_files": 0,
  "is_malicious": false,
  "analysis_date": "2025-09-26T18:01:18.539578",
  "timing": {
    "package_total_time": 118.91476821899414,
    "total_api_calls": 22,
    "average_file_time": 59.43554615974426,
    "average_step1_time": 25.1842098236084,
    "average_step2_time": 29.961737036705017,
    "average_step3_time": 4.278382062911987,
    "total_step1_time": 50.3684196472168,
    "total_step2_time": 59.923474073410034,
    "total_step3_time": 8.556764125823975,
    "total_files": 2,
    "analyzed_files": 2,
    "total_lines": 20,
    "average_lines_per_file": 10.0
  }
}