{
  "package_name": "idme",
  "version": "5.9.9",
  "total_files": 1,
  "analyzed_files": 1,
  "malicious_files": 1,
  "is_malicious": true,
  "analysis_date": "2025-09-26T18:34:30.114967",
  "timing": {
    "package_total_time": 71.71116352081299,
    "total_api_calls": 11,
    "average_file_time": 67.80036902427673,
    "average_step1_time": 29.088886499404907,
    "average_step2_time": 33.986326694488525,
    "average_step3_time": 4.7024431228637695,
    "total_step1_time": 29.088886499404907,
    "total_step2_time": 33.986326694488525,
    "total_step3_time": 4.7024431228637695,
    "total_files": 1,
    "analyzed_files": 1,
    "total_lines": 12,
    "average_lines_per_file": 12.0
  }
}