{
  "package_name": "fourth-with-side-effect",
  "version": "99.10.9",
  "total_files": 1,
  "analyzed_files": 1,
  "malicious_files": 0,
  "is_malicious": false,
  "analysis_date": "2025-09-26T15:12:34.013421",
  "timing": {
    "package_total_time": 110.36817765235901,
    "total_api_calls": 11,
    "average_file_time": 110.32007622718811,
    "average_step1_time": 45.16578459739685,
    "average_step2_time": 58.82603359222412,
    "average_step3_time": 6.315479278564453,
    "total_step1_time": 45.16578459739685,
    "total_step2_time": 58.82603359222412,
    "total_step3_time": 6.315479278564453,
    "total_files": 1,
    "analyzed_files": 1,
    "total_lines": 202,
    "average_lines_per_file": 202.0
  }
}