package_type,package_name,version,actual_label,MLP,NB,SVM
malware,@dydxprotocol##perpetual,0.0.15,malware,benign,benign,benign
