{
  "package_name": "node-red-contrib-ishrae-comfort",
  "version": "0.0.1",
  "total_files": 1,
  "analyzed_files": 1,
  "malicious_files": 0,
  "is_malicious": false,
  "analysis_date": "2025-09-26T16:08:05.445823",
  "timing": {
    "package_total_time": 76.13127589225769,
    "total_api_calls": 11,
    "average_file_time": 76.09944176673889,
    "average_step1_time": 45.534276247024536,
    "average_step2_time": 25.314184427261353,
    "average_step3_time": 5.235149621963501,
    "total_step1_time": 45.534276247024536,
    "total_step2_time": 25.314184427261353,
    "total_step3_time": 5.235149621963501,
    "total_files": 1,
    "analyzed_files": 1,
    "total_lines": 58,
    "average_lines_per_file": 58.0
  }
}