{
  "package_name": "sap-b",
  "version": "0.0.0",
  "total_files": 1,
  "analyzed_files": 1,
  "malicious_files": 1,
  "is_malicious": true,
  "analysis_date": "2025-09-26T16:34:36.910528",
  "timing": {
    "package_total_time": 93.11263370513916,
    "total_api_calls": 11,
    "average_file_time": 93.05280351638794,
    "average_step1_time": 41.54169511795044,
    "average_step2_time": 46.556443214416504,
    "average_step3_time": 4.941125869750977,
    "total_step1_time": 41.54169511795044,
    "total_step2_time": 46.556443214416504,
    "total_step3_time": 4.941125869750977,
    "total_files": 1,
    "analyzed_files": 1,
    "total_lines": 12,
    "average_lines_per_file": 12.0
  }
}