hasInstallScript,true
includeIP,false
useBase64Conversion,false
useBase64ConversionInScript,false
includeBase64String,true
includeBase64StringInScript,true
includeByteString,false
includeDomain,0
includeDomainInScript,0
useBuffer,false
useEval,false
useProcess,true
useProcessInScript,true
useFileSystem,true
useFileSystemInScript,true
useNetwork,false
useNetworkInScript,false
useProcessEnv,true
useProcessEnvInScript,false
containSuspicousString,false
useEncryptAndEncode,false
useOperatingSystem,true
includeObfuscatedCode,true
