{
  "package_name": "ancularjs",
  "version": "1.1.4",
  "total_files": 2,
  "analyzed_files": 2,
  "malicious_files": 0,
  "is_malicious": false,
  "analysis_date": "2025-09-26T15:10:43.644636",
  "timing": {
    "package_total_time": 191.53167462348938,
    "total_api_calls": 22,
    "average_file_time": 95.7388151884079,
    "average_step1_time": 30.30435001850128,
    "average_step2_time": 60.53787803649902,
    "average_step3_time": 4.886257886886597,
    "total_step1_time": 60.60870003700256,
    "total_step2_time": 121.07575607299805,
    "total_step3_time": 9.772515773773193,
    "total_files": 2,
    "analyzed_files": 2,
    "total_lines": 2,
    "average_lines_per_file": 1.0
  }
}