{
  "package_name": "my-formula-calculator",
  "version": "1.1.2",
  "total_files": 1,
  "analyzed_files": 1,
  "malicious_files": 0,
  "is_malicious": false,
  "analysis_date": "2025-09-26T15:18:26.271296",
  "timing": {
    "package_total_time": 87.61348938941956,
    "total_api_calls": 11,
    "average_file_time": 87.5804123878479,
    "average_step1_time": 39.05562925338745,
    "average_step2_time": 44.178300857543945,
    "average_step3_time": 4.334751129150391,
    "total_step1_time": 39.05562925338745,
    "total_step2_time": 44.178300857543945,
    "total_step3_time": 4.334751129150391,
    "total_files": 1,
    "analyzed_files": 1,
    "total_lines": 179,
    "average_lines_per_file": 179.0
  }
}