{
  "package_name": "@befe##brick-comp-toast",
  "version": "0.2.81",
  "total_files": 4,
  "analyzed_files": 4,
  "malicious_files": 0,
  "is_malicious": false,
  "analysis_date": "2025-09-26T17:04:50.168635",
  "timing": {
    "package_total_time": 308.1664333343506,
    "total_api_calls": 44,
    "average_file_time": 77.02473598718643,
    "average_step1_time": 31.254675149917603,
    "average_step2_time": 40.18266403675079,
    "average_step3_time": 5.564482271671295,
    "total_step1_time": 125.01870059967041,
    "total_step2_time": 160.73065614700317,
    "total_step3_time": 22.25792908668518,
    "total_files": 4,
    "analyzed_files": 4,
    "total_lines": 529,
    "average_lines_per_file": 132.25
  }
}