package_type,package_name,version,actual_label,MLP,NB,SVM
malware,@diotoborg##aperiam-cum,3.2.45,malware,benign,benign,benign
