{
  "package_name": "subsetcss",
  "version": "0.3.0",
  "total_files": 1,
  "analyzed_files": 1,
  "malicious_files": 0,
  "is_malicious": false,
  "analysis_date": "2025-09-26T16:36:02.947150",
  "timing": {
    "package_total_time": 86.03620219230652,
    "total_api_calls": 11,
    "average_file_time": 86.0011658668518,
    "average_step1_time": 33.2091224193573,
    "average_step2_time": 48.16837525367737,
    "average_step3_time": 4.608412027359009,
    "total_step1_time": 33.2091224193573,
    "total_step2_time": 48.16837525367737,
    "total_step3_time": 4.608412027359009,
    "total_files": 1,
    "analyzed_files": 1,
    "total_lines": 77,
    "average_lines_per_file": 77.0
  }
}