package_type,package_name,version,actual_label,MLP,NB,SVM
benign,voidcolor,1.0.3,benign,benign,benign,benign
