{
  "package_name": "helper-plugin-utils",
  "version": "99.10.9",
  "total_files": 1,
  "analyzed_files": 1,
  "malicious_files": 1,
  "is_malicious": true,
  "analysis_date": "2025-09-26T15:07:32.112473",
  "timing": {
    "package_total_time": 151.88982892036438,
    "total_api_calls": 11,
    "average_file_time": 151.85775804519653,
    "average_step1_time": 48.9790678024292,
    "average_step2_time": 95.53385138511658,
    "average_step3_time": 7.318982124328613,
    "total_step1_time": 48.9790678024292,
    "total_step2_time": 95.53385138511658,
    "total_step3_time": 7.318982124328613,
    "total_files": 1,
    "analyzed_files": 1,
    "total_lines": 202,
    "average_lines_per_file": 202.0
  }
}