{
  "package_name": "@zero-scripts##extension.webpack-babel",
  "version": "0.5.2",
  "total_files": 3,
  "analyzed_files": 3,
  "malicious_files": 0,
  "is_malicious": false,
  "analysis_date": "2025-09-26T17:30:32.680887",
  "timing": {
    "package_total_time": 211.70568680763245,
    "total_api_calls": 33,
    "average_file_time": 70.54519621531169,
    "average_step1_time": 25.56321056683858,
    "average_step2_time": 40.3203649520874,
    "average_step3_time": 4.64924955368042,
    "total_step1_time": 76.68963170051575,
    "total_step2_time": 120.9610948562622,
    "total_step3_time": 13.94774866104126,
    "total_files": 3,
    "analyzed_files": 3,
    "total_lines": 202,
    "average_lines_per_file": 67.33333333333333
  }
}