{
  "package_name": "bettter-datepicker",
  "version": "0.0.2",
  "total_files": 2,
  "analyzed_files": 2,
  "malicious_files": 0,
  "is_malicious": false,
  "analysis_date": "2025-09-26T16:20:47.073149",
  "timing": {
    "package_total_time": 160.53404188156128,
    "total_api_calls": 22,
    "average_file_time": 80.23905384540558,
    "average_step1_time": 35.073731899261475,
    "average_step2_time": 39.465874552726746,
    "average_step3_time": 5.683252930641174,
    "total_step1_time": 70.14746379852295,
    "total_step2_time": 78.93174910545349,
    "total_step3_time": 11.366505861282349,
    "total_files": 2,
    "analyzed_files": 2,
    "total_lines": 4,
    "average_lines_per_file": 2.0
  }
}