package_type,package_name,version,actual_label,MLP,NB,SVM
malware,dependencyconfusion7,2.0.0,malware,malicious,malicious,malicious
