{
  "package_name": "vanilla-pinch",
  "version": "1.2.0",
  "total_files": 3,
  "analyzed_files": 3,
  "malicious_files": 0,
  "is_malicious": false,
  "analysis_date": "2025-09-26T16:03:02.338367",
  "timing": {
    "package_total_time": 176.26017665863037,
    "total_api_calls": 33,
    "average_file_time": 58.73520382245382,
    "average_step1_time": 19.55001926422119,
    "average_step2_time": 35.75876514116923,
    "average_step3_time": 3.4077645937601724,
    "total_step1_time": 58.650057792663574,
    "total_step2_time": 107.27629542350769,
    "total_step3_time": 10.223293781280518,
    "total_files": 3,
    "analyzed_files": 3,
    "total_lines": 1381,
    "average_lines_per_file": 460.3333333333333
  }
}