{
  "package_name": "@fnobi##axis-psd",
  "version": "1.0.2-0",
  "total_files": 5,
  "analyzed_files": 5,
  "malicious_files": 0,
  "is_malicious": false,
  "analysis_date": "2025-09-26T16:18:06.538488",
  "timing": {
    "package_total_time": 375.5746400356293,
    "total_api_calls": 55,
    "average_file_time": 75.10519819259643,
    "average_step1_time": 31.820560359954833,
    "average_step2_time": 38.39622836112976,
    "average_step3_time": 4.871904945373535,
    "total_step1_time": 159.10280179977417,
    "total_step2_time": 191.9811418056488,
    "total_step3_time": 24.359524726867676,
    "total_files": 5,
    "analyzed_files": 5,
    "total_lines": 146,
    "average_lines_per_file": 29.2
  }
}