{
  "package_name": "emails",
  "version": "18.0.0",
  "total_files": 1,
  "analyzed_files": 1,
  "malicious_files": 1,
  "is_malicious": true,
  "analysis_date": "2025-09-26T19:03:05.766158",
  "timing": {
    "package_total_time": 129.40304684638977,
    "total_api_calls": 11,
    "average_file_time": 128.6574957370758,
    "average_step1_time": 38.25243401527405,
    "average_step2_time": 83.86909532546997,
    "average_step3_time": 6.521538496017456,
    "total_step1_time": 38.25243401527405,
    "total_step2_time": 83.86909532546997,
    "total_step3_time": 6.521538496017456,
    "total_files": 1,
    "analyzed_files": 1,
    "total_lines": 6,
    "average_lines_per_file": 6.0
  }
}