package_type,package_name,version,actual_label,MLP,NB,SVM
malware,synth-fhr-db,9.5.3,malware,benign,benign,benign
