{
  "package_name": "@stdlib##math-base-special-acosh",
  "version": "0.2.3",
  "total_files": 4,
  "analyzed_files": 4,
  "malicious_files": 0,
  "is_malicious": false,
  "analysis_date": "2025-09-26T18:04:37.261034",
  "timing": {
    "package_total_time": 198.72019338607788,
    "total_api_calls": 33,
    "average_file_time": 66.18682090441386,
    "average_step1_time": 29.218352397282917,
    "average_step2_time": 32.397176345189415,
    "average_step3_time": 4.5386424859364825,
    "total_step1_time": 87.65505719184875,
    "total_step2_time": 97.19152903556824,
    "total_step3_time": 13.615927457809448,
    "total_files": 4,
    "analyzed_files": 4,
    "total_lines": 195,
    "average_lines_per_file": 48.75
  }
}