package_type,package_name,version,actual_label,MLP,NB,SVM
malware,jhsdfgghsdfjhds,1.0.2,malware,malicious,malicious,malicious
