{
  "package_name": "fatbot",
  "version": "1.0.0",
  "total_files": 4,
  "analyzed_files": 4,
  "malicious_files": 0,
  "is_malicious": false,
  "analysis_date": "2025-09-26T17:59:19.623954",
  "timing": {
    "package_total_time": 323.79351353645325,
    "total_api_calls": 44,
    "average_file_time": 80.91995638608932,
    "average_step1_time": 35.900342762470245,
    "average_step2_time": 39.87546509504318,
    "average_step3_time": 5.129494845867157,
    "total_step1_time": 143.60137104988098,
    "total_step2_time": 159.50186038017273,
    "total_step3_time": 20.517979383468628,
    "total_files": 4,
    "analyzed_files": 4,
    "total_lines": 302,
    "average_lines_per_file": 75.5
  }
}