{
  "package_name": "pupeteer-har",
  "version": "1.1.2",
  "total_files": 1,
  "analyzed_files": 1,
  "malicious_files": 0,
  "is_malicious": false,
  "analysis_date": "2025-09-26T19:08:35.215038",
  "timing": {
    "package_total_time": 77.42937898635864,
    "total_api_calls": 11,
    "average_file_time": 77.3621723651886,
    "average_step1_time": 29.32136821746826,
    "average_step2_time": 43.82162094116211,
    "average_step3_time": 4.2017059326171875,
    "total_step1_time": 29.32136821746826,
    "total_step2_time": 43.82162094116211,
    "total_step3_time": 4.2017059326171875,
    "total_files": 1,
    "analyzed_files": 1,
    "total_lines": 1,
    "average_lines_per_file": 1.0
  }
}