package_type,package_name,version,actual_label,MLP,NB,SVM
malware,@diotoborg##molestiae-ratione-tempora,2.3.37,malware,benign,benign,benign
