{
  "package_name": "arm-storsimple8000series",
  "version": "99.10.9",
  "total_files": 1,
  "analyzed_files": 1,
  "malicious_files": 0,
  "is_malicious": false,
  "analysis_date": "2025-09-26T19:07:17.326389",
  "timing": {
    "package_total_time": 114.31065392494202,
    "total_api_calls": 11,
    "average_file_time": 114.03679823875427,
    "average_step1_time": 33.68606638908386,
    "average_step2_time": 74.43067860603333,
    "average_step3_time": 5.904007196426392,
    "total_step1_time": 33.68606638908386,
    "total_step2_time": 74.43067860603333,
    "total_step3_time": 5.904007196426392,
    "total_files": 1,
    "analyzed_files": 1,
    "total_lines": 199,
    "average_lines_per_file": 199.0
  }
}