{
  "package_name": "rojo-convert",
  "version": "0.0.3",
  "total_files": 1,
  "analyzed_files": 1,
  "malicious_files": 0,
  "is_malicious": false,
  "analysis_date": "2025-09-26T16:54:42.141655",
  "timing": {
    "package_total_time": 74.62390661239624,
    "total_api_calls": 11,
    "average_file_time": 74.46176815032959,
    "average_step1_time": 31.598560333251953,
    "average_step2_time": 36.83994007110596,
    "average_step3_time": 6.005601167678833,
    "total_step1_time": 31.598560333251953,
    "total_step2_time": 36.83994007110596,
    "total_step3_time": 6.005601167678833,
    "total_files": 1,
    "analyzed_files": 1,
    "total_lines": 75,
    "average_lines_per_file": 75.0
  }
}