{
  "package_name": "colorless-core",
  "version": "1.1.0",
  "total_files": 4,
  "analyzed_files": 4,
  "malicious_files": 0,
  "is_malicious": false,
  "analysis_date": "2025-09-26T16:59:41.986819",
  "timing": {
    "package_total_time": 299.8108284473419,
    "total_api_calls": 44,
    "average_file_time": 74.94134795665741,
    "average_step1_time": 30.117505729198456,
    "average_step2_time": 39.18259519338608,
    "average_step3_time": 5.629670441150665,
    "total_step1_time": 120.47002291679382,
    "total_step2_time": 156.7303807735443,
    "total_step3_time": 22.51868176460266,
    "total_files": 4,
    "analyzed_files": 4,
    "total_lines": 4,
    "average_lines_per_file": 1.0
  }
}