{
  "package_name": "image-pixelizer",
  "version": "1.1.0",
  "total_files": 18,
  "analyzed_files": 18,
  "malicious_files": 0,
  "is_malicious": false,
  "analysis_date": "2025-09-26T16:00:06.077579",
  "timing": {
    "package_total_time": 1333.1780393123627,
    "total_api_calls": 198,
    "average_file_time": 74.06194539864858,
    "average_step1_time": 26.267200960053337,
    "average_step2_time": 43.25602012210422,
    "average_step3_time": 4.524094422658284,
    "total_step1_time": 472.8096172809601,
    "total_step2_time": 778.608362197876,
    "total_step3_time": 81.43369960784912,
    "total_files": 18,
    "analyzed_files": 18,
    "total_lines": 1683,
    "average_lines_per_file": 93.5
  }
}