{
  "package_name": "@tpgroup##tpg-icon-inventory",
  "version": "1.1.902",
  "total_files": 1,
  "analyzed_files": 1,
  "malicious_files": 1,
  "is_malicious": true,
  "analysis_date": "2025-09-26T18:09:18.705577",
  "timing": {
    "package_total_time": 100.20705842971802,
    "total_api_calls": 11,
    "average_file_time": 100.1323823928833,
    "average_step1_time": 38.28742837905884,
    "average_step2_time": 56.76580047607422,
    "average_step3_time": 5.049808025360107,
    "total_step1_time": 38.28742837905884,
    "total_step2_time": 56.76580047607422,
    "total_step3_time": 5.049808025360107,
    "total_files": 1,
    "analyzed_files": 1,
    "total_lines": 94,
    "average_lines_per_file": 94.0
  }
}