{
  "package_name": "react-native-surfinn-popup",
  "version": "0.0.8",
  "total_files": 4,
  "analyzed_files": 4,
  "malicious_files": 0,
  "is_malicious": false,
  "analysis_date": "2025-09-26T15:16:58.657261",
  "timing": {
    "package_total_time": 264.6427803039551,
    "total_api_calls": 44,
    "average_file_time": 66.1520346403122,
    "average_step1_time": 27.30194228887558,
    "average_step2_time": 35.03438460826874,
    "average_step3_time": 3.802592158317566,
    "total_step1_time": 109.20776915550232,
    "total_step2_time": 140.13753843307495,
    "total_step3_time": 15.210368633270264,
    "total_files": 4,
    "analyzed_files": 4,
    "total_lines": 174,
    "average_lines_per_file": 43.5
  }
}