{
  "package_name": "angular-ui-router-css",
  "version": "0.0.0",
  "total_files": 9,
  "analyzed_files": 9,
  "malicious_files": 0,
  "is_malicious": false,
  "analysis_date": "2025-09-26T16:53:27.516061",
  "timing": {
    "package_total_time": 761.3929536342621,
    "total_api_calls": 88,
    "average_file_time": 95.16616800427437,
    "average_step1_time": 36.346071034669876,
    "average_step2_time": 48.20971438288689,
    "average_step3_time": 10.592728227376938,
    "total_step1_time": 290.768568277359,
    "total_step2_time": 385.6777150630951,
    "total_step3_time": 84.7418258190155,
    "total_files": 9,
    "analyzed_files": 9,
    "total_lines": 1541,
    "average_lines_per_file": 171.22222222222223
  }
}