{
  "package_name": "slush-fullstack-framework",
  "version": "0.9.2",
  "total_files": 10,
  "analyzed_files": 10,
  "malicious_files": 1,
  "is_malicious": true,
  "analysis_date": "2025-09-26T16:33:03.745422",
  "timing": {
    "package_total_time": 622.8345274925232,
    "total_api_calls": 88,
    "average_file_time": 77.84538051486015,
    "average_step1_time": 29.806200176477432,
    "average_step2_time": 43.85753574967384,
    "average_step3_time": 4.173263907432556,
    "total_step1_time": 238.44960141181946,
    "total_step2_time": 350.86028599739075,
    "total_step3_time": 33.38611125946045,
    "total_files": 10,
    "analyzed_files": 10,
    "total_lines": 448,
    "average_lines_per_file": 44.8
  }
}