{
  "package_name": "falcor-restify-demo",
  "version": "1.0.1",
  "total_files": 1,
  "analyzed_files": 1,
  "malicious_files": 0,
  "is_malicious": false,
  "analysis_date": "2025-09-26T16:11:50.963299",
  "timing": {
    "package_total_time": 114.0639169216156,
    "total_api_calls": 11,
    "average_file_time": 114.03126621246338,
    "average_step1_time": 45.552194356918335,
    "average_step2_time": 63.38924431800842,
    "average_step3_time": 5.071211576461792,
    "total_step1_time": 45.552194356918335,
    "total_step2_time": 63.38924431800842,
    "total_step3_time": 5.071211576461792,
    "total_files": 1,
    "analyzed_files": 1,
    "total_lines": 41,
    "average_lines_per_file": 41.0
  }
}