{
  "package_name": "sap-abstract",
  "version": "0.8.9",
  "total_files": 1,
  "analyzed_files": 1,
  "malicious_files": 1,
  "is_malicious": true,
  "analysis_date": "2025-09-26T16:06:49.314163",
  "timing": {
    "package_total_time": 82.50371646881104,
    "total_api_calls": 11,
    "average_file_time": 82.43972206115723,
    "average_step1_time": 42.25245475769043,
    "average_step2_time": 33.88848662376404,
    "average_step3_time": 6.28527569770813,
    "total_step1_time": 42.25245475769043,
    "total_step2_time": 33.88848662376404,
    "total_step3_time": 6.28527569770813,
    "total_files": 1,
    "analyzed_files": 1,
    "total_lines": 12,
    "average_lines_per_file": 12.0
  }
}