{
  "package_name": "react-native-sprite",
  "version": "0.1.2",
  "total_files": 1,
  "analyzed_files": 1,
  "malicious_files": 0,
  "is_malicious": false,
  "analysis_date": "2025-09-26T15:37:52.898549",
  "timing": {
    "package_total_time": 88.27034759521484,
    "total_api_calls": 11,
    "average_file_time": 88.22265148162842,
    "average_step1_time": 29.750494480133057,
    "average_step2_time": 53.71894860267639,
    "average_step3_time": 4.743669033050537,
    "total_step1_time": 29.750494480133057,
    "total_step2_time": 53.71894860267639,
    "total_step3_time": 4.743669033050537,
    "total_files": 1,
    "analyzed_files": 1,
    "total_lines": 46,
    "average_lines_per_file": 46.0
  }
}