{
  "package_name": "@pixi##particle-emitter",
  "version": "5.0.8",
  "total_files": 11,
  "analyzed_files": 11,
  "malicious_files": 0,
  "is_malicious": false,
  "analysis_date": "2025-09-26T17:23:20.447260",
  "timing": {
    "package_total_time": 1110.267758846283,
    "total_api_calls": 99,
    "average_file_time": 123.34053307109409,
    "average_step1_time": 48.762196487850616,
    "average_step2_time": 67.5974526140425,
    "average_step3_time": 6.937632454766168,
    "total_step1_time": 438.8597683906555,
    "total_step2_time": 608.3770735263824,
    "total_step3_time": 62.43869209289551,
    "total_files": 11,
    "analyzed_files": 11,
    "total_lines": 30648,
    "average_lines_per_file": 2786.181818181818
  }
}