package_type,package_name,version,actual_label,MLP,NB,SVM
malware,only-test-not-install,1.0.1,malware,malicious,malicious,malicious
