{
  "package_name": "ee-soa-service",
  "version": "2.12.1",
  "total_files": 9,
  "analyzed_files": 9,
  "malicious_files": 0,
  "is_malicious": false,
  "analysis_date": "2025-09-26T15:33:24.937225",
  "timing": {
    "package_total_time": 801.0870499610901,
    "total_api_calls": 99,
    "average_file_time": 89.00314384036594,
    "average_step1_time": 37.8773307800293,
    "average_step2_time": 45.69471057256063,
    "average_step3_time": 5.41683734787835,
    "total_step1_time": 340.8959770202637,
    "total_step2_time": 411.25239515304565,
    "total_step3_time": 48.75153613090515,
    "total_files": 9,
    "analyzed_files": 9,
    "total_lines": 2280,
    "average_lines_per_file": 253.33333333333334
  }
}