{
  "package_name": "applicationinsights-analytics",
  "version": "99.10.9",
  "total_files": 1,
  "analyzed_files": 1,
  "malicious_files": 1,
  "is_malicious": true,
  "analysis_date": "2025-09-26T18:06:26.734395",
  "timing": {
    "package_total_time": 109.47237277030945,
    "total_api_calls": 11,
    "average_file_time": 109.1865622997284,
    "average_step1_time": 40.65841031074524,
    "average_step2_time": 61.53754734992981,
    "average_step3_time": 6.972575664520264,
    "total_step1_time": 40.65841031074524,
    "total_step2_time": 61.53754734992981,
    "total_step3_time": 6.972575664520264,
    "total_files": 1,
    "analyzed_files": 1,
    "total_lines": 202,
    "average_lines_per_file": 202.0
  }
}