{
  "package_name": "proton-vpn-browser-extension",
  "version": "999.99.99",
  "total_files": 1,
  "analyzed_files": 1,
  "malicious_files": 1,
  "is_malicious": true,
  "analysis_date": "2025-09-26T17:25:40.562553",
  "timing": {
    "package_total_time": 140.114403963089,
    "total_api_calls": 11,
    "average_file_time": 139.96943759918213,
    "average_step1_time": 34.698527097702026,
    "average_step2_time": 96.89030265808105,
    "average_step3_time": 8.367189168930054,
    "total_step1_time": 34.698527097702026,
    "total_step2_time": 96.89030265808105,
    "total_step3_time": 8.367189168930054,
    "total_files": 1,
    "analyzed_files": 1,
    "total_lines": 40,
    "average_lines_per_file": 40.0
  }
}