{
  "package_name": "botbait",
  "version": "1.0.0",
  "total_files": 1,
  "analyzed_files": 1,
  "malicious_files": 1,
  "is_malicious": true,
  "analysis_date": "2025-09-26T18:07:38.498077",
  "timing": {
    "package_total_time": 71.76300072669983,
    "total_api_calls": 11,
    "average_file_time": 71.66759014129639,
    "average_step1_time": 24.946592569351196,
    "average_step2_time": 42.41924834251404,
    "average_step3_time": 4.275165796279907,
    "total_step1_time": 24.946592569351196,
    "total_step2_time": 42.41924834251404,
    "total_step3_time": 4.275165796279907,
    "total_files": 1,
    "analyzed_files": 1,
    "total_lines": 19,
    "average_lines_per_file": 19.0
  }
}