{
  "package_name": "hydradx-ui",
  "version": "1.2.1",
  "total_files": 1,
  "analyzed_files": 1,
  "malicious_files": 1,
  "is_malicious": true,
  "analysis_date": "2025-09-26T16:37:12.743363",
  "timing": {
    "package_total_time": 69.79583215713501,
    "total_api_calls": 11,
    "average_file_time": 69.76541471481323,
    "average_step1_time": 28.091403245925903,
    "average_step2_time": 37.313188791275024,
    "average_step3_time": 4.338123321533203,
    "total_step1_time": 28.091403245925903,
    "total_step2_time": 37.313188791275024,
    "total_step3_time": 4.338123321533203,
    "total_files": 1,
    "analyzed_files": 1,
    "total_lines": 41,
    "average_lines_per_file": 41.0
  }
}