{
  "package_name": "node-red-contrib-app4v8",
  "version": "0.0.2",
  "total_files": 2,
  "analyzed_files": 2,
  "malicious_files": 0,
  "is_malicious": false,
  "analysis_date": "2025-09-26T16:05:26.758326",
  "timing": {
    "package_total_time": 144.41956734657288,
    "total_api_calls": 22,
    "average_file_time": 72.18655455112457,
    "average_step1_time": 21.445003867149353,
    "average_step2_time": 46.731690406799316,
    "average_step3_time": 3.9974595308303833,
    "total_step1_time": 42.890007734298706,
    "total_step2_time": 93.46338081359863,
    "total_step3_time": 7.994919061660767,
    "total_files": 2,
    "analyzed_files": 2,
    "total_lines": 102,
    "average_lines_per_file": 51.0
  }
}